0 0.126096 0.193978 0.129386 0.250104
0 0.313048 0.182795 0.130482 0.252137
0 0.512610 0.187878 0.137061 0.286705
0 0.710526 0.199062 0.135965 0.276538
0 0.886513 0.188895 0.121711 0.268404
0 0.123355 0.521350 0.156798 0.274504
0 0.317982 0.524400 0.146930 0.309072
0 0.503838 0.524400 0.150219 0.292805
0 0.709430 0.511184 0.173246 0.278571
0 0.893640 0.498983 0.105263 0.286705
0 0.124452 0.821272 0.145833 0.235871
0 0.322368 0.833472 0.149123 0.252137
0 0.501645 0.828389 0.123904 0.270438
0 0.691886 0.826355 0.133772 0.258238
0 0.889803 0.829405 0.154605 0.248071